# /home/ruwix/Videos/the-office/season-5/05-26-casual-friday.mkv
start=1266.599000
speed=1.010000
volume=98.000000
sid=1
sub-delay=-0.100000
sub-visibility=no
sub-scale=0.600000
