# the-great-gatsby.m4b
start=14535.937527
osd-level=3
speed=1.500000
pause=yes
