# 01-02-cats-in-the-bag.mkv
start=405.155000
speed=1.100000
fullscreen=yes
sub-scale=1.100000
